0 0 0 1 1
0 10 0 1
10 15
1 1
17
A 10 1
B 1 15
C 1 9
D 1 13
E 2 3
F 3 1
G 3 8
H 3 14
I 4 5
J 5 12
K 6 3
L 7 10
M 8 2
N 8 6
O 8 15
P 9 13
Q 10 3
0 0 0 1 0 1 1 0 0 0 0 0 0 0 0 0 0 0
0 0 0 0 0 0 0 0 0 0 0 0 0 1 0 0 0 1
0 0 0 0 1 0 0 0 1 0 0 0 0 0 0 0 0 0
1 0 0 0 1 0 0 1 1 0 0 0 0 0 0 0 0 0
0 0 1 1 0 0 0 0 1 0 0 0 0 0 0 0 0 0
1 0 0 0 0 0 1 1 0 1 0 0 0 0 0 0 0 0
1 0 0 0 0 1 0 0 0 1 0 1 0 0 0 0 0 0
0 0 0 1 0 1 0 0 1 1 1 0 0 0 0 0 0 0
0 0 1 1 1 0 0 1 0 0 1 0 0 0 0 1 0 0
0 0 0 0 0 1 1 1 0 0 1 1 1 0 0 0 0 0
0 0 0 0 0 0 0 1 1 1 0 0 1 0 0 1 0 0
0 0 0 0 0 0 1 0 0 1 0 0 1 1 1 0 0 0
0 0 0 0 0 0 0 0 0 1 1 1 0 0 1 0 1 0
0 1 0 0 0 0 0 0 0 0 0 1 0 0 1 0 0 1
0 0 0 0 0 0 0 0 0 0 0 1 1 1 0 0 0 1
0 0 0 0 0 0 0 0 1 0 1 0 0 0 0 0 1 0
0 0 0 0 0 0 0 0 0 0 0 0 1 0 0 1 0 0
0 1 0 0 0 0 0 0 0 0 0 0 0 1 1 0 0 0
20
11 Q I N
16 A J P 10 10
12 Q K N
17 B I H
13 Q L N
18 C N V
14 Q D N
19 E I P 10 10
15 H G N
20 F M H
1 G N N
3 G N H
2 B M V
1 M B H
5 C D N
3 F E N
10 P Q P 20 20
5 G N P 10 10
8 O P V
8 Q L N
0
0
3 0
U 0
U 0
U 0
U 0
U 0
